2
0.6
on
on
0
0.35
0.37
0.55
0.12
0.17
0
0
0.48
on
on
0
0.01
0
0.16
0.13
0.73
0.5
0.5
0.54
0.95
0.83
0.5
0.7
0.42
0.85
0.34
0.14
0.17
0.31
0.54
0.49
on
8.034924218135654
10.090165437133301
12.911575193851935
14.632199331938438
8.512500142549918
12.603888835989913
8.391040383697085
15.164727667657012
3.5984540986960525
4.560778646072713
2.3112188992472014
5.312515683532844
0.5
0.5
0.5
0.5
0.5
0.5
0.5
0.5
0.5
0.5
0.5
0.5
0.67
0.53
0.5
0.56
0.57
0.5
0.5
0.38
0.5
1
0
0
0
0
0.22
0.35
on
on
0.12
0.47
0.11
0.25
0.06
13
0.18
0.17
0.67
0.24
5
0.53
