2
0.44
on
on
0.01
0.71
0
0.25
0.13
0.67
0.25
0
0.56
on
on
0.01
0.1
0
0.25
0
0.37
0.5
0.5
0.86
0.64
0.25
0.82
0.62
0.73
0.35
0.43
0.15
0.95
0.13
0.29
1
on
14.928877864835258
13.188212334613421
9.045329432234254
3.9883470268437904
10.219637013334477
9.083704091767114
14.999208190758615
13.14877066608387
6.465567312653167
7.018369237682798
4.917954158683646
6.947882308110476
0.5
0.5
0.5
0.5
0.5
0.5
0.5
0.5
0.5
0.5
0.5
0.5
0.75
0.5
0.5
0.5
0.75
0.5
0.5
0.5
0.5
0
0
1
0.25
0.25
0
0.25
on
on
0.01
0.3
1
0.25
0
6
0.75
0.29
0.13
0.29
12
0.5
