2
0.44
on
on
0.01
0.3
1
0.25
0.13
0.67
0.25
0
0.25
on
on
0.01
0.3
1
0.25
0
0.5
0.5
0.5
0.69
0.14
0.06
0.54
0.93
0.33
0.3
0.54
0.5
0.89
0.41
0.88
1
on
2.7332127204191288
4.540083914930982
9.800823210244758
3.9215257971954074
14.471079393504805
5.697485939586951
10.806011321150425
14.44620526530625
12.588963528469872
4.655218870964401
5.7544171737379095
7.9698837543108425
0.5
0.5
0.5
0.5
0.5
0.5
0.5
0.5
0.5
0.5
0.5
0.5
0.75
0.5
0.5
0.5
0.75
0.5
0.5
0.5
0.5
0
0
0.92
0.25
0.25
0
0.25
on
on
0.01
0.3
1
0.25
0
8
0.75
0.29
0.13
0.29
12
0.5
