2
0.88
on
on
0.17
0.63
0
0.47
0.11
0.18
0.25
0
0.25
on
on
0.42
0.3
1
0.5
0.04
0.5
0.5
0.5
0.2
0.37
0.82
0.63
0.31
0.35
0.63
0.65
0.18
0.31
0.13
0.09
0.38
on
3.8243256410321074
3.430011964576785
10.411845544579883
1.9420882418412937
0.07060570005887001
9.737853094870896
4.343211886081299
6.3987116278881935
5.71539205635732
0.5224002993490373
2.7151269342575652
13.667447995602394
0.5
0.5
0.5
0.5
0.5
0.5
0.5
0.5
0.5
0.5
0.5
0.5
0.44
0.5
0.5
0.5
0
0.43
0.49
0.5
0.54
0
0
0.04
0.5
0.25
0.5
0.36
on
on
0.01
0.3
1
0.25
0
10
0.47
0.25
0.5
0.75
5
0
