2
0.88
on
on
0.17
0.63
1
0.47
0.59
0.18
0.25
0
0.25
on
on
0.42
0.3
1
0.5
0
0.5
0.5
0.5
0.7
0.73
0.63
0.88
0.82
0.63
0.1
0.61
0.09
0.86
0.81
0.53
0.38
on
1.6750647746938476
10.508415659450598
13.37570074893112
8.488313629778578
7.657463396613778
2.0228688496004743
2.026377638495031
9.858779173698892
15.779648316345117
8.90240275641403
6.866382836065924
7.05837168742244
0.5
0.5
0.5
0.5
0.5
0.5
0.5
0.5
0.5
0.5
0.5
0.5
0.8
0.39
0.5
0.5
1
0.43
0.49
0.5
0.68
0.44
0
0
0
0.25
0
0.36
on
on
0.78
0.3
1
0.79
0.45
14
0.08
0.25
0.5
0.75
5
0
