2
0.32
on
on
0.01
0.3
1
0.25
0.13
0.4
0.11
0.02
0.88
on
on
0.01
0.3
1
0.25
0
0.5
0.5
0.5
0.26
0.92
0.79
0.24
0.83
0.66
0.37
0.76
0.96
0.71
0.36
0.98
1
on
8.296293517796737
0.8372181907595433
11.124782980651641
3.2795324987541647
2.3852989947634917
1.3484535795166117
13.220319511343327
4.106186923796027
9.093717599609107
14.951933383660752
4.691854874287973
8.828205417224837
0.5
0.5
0.5
0.5
0.5
0.5
0.5
0.5
0.5
0.5
0.5
0.5
0.93
0.78
0.5
0.5
1
0.65
0.47
0.5
0.5
0.73
0.3
0
0.79
0.25
0.62
0.13
on
on
0.01
0.3
1
0.25
0
5
0.75
0
0.5
0.75
5
0
